FirstName	LastName	StreetName	Town	Postcode	Country	EmployeeID	DateOfBirth
John	Smith	221B Baker Street	London	W1A 1AA	GB	123456	12/03/1980
Jane	Doe	12 High Street	Manchester	M1 2AB	GB	234567	05/07/1985
David	Johnson	34 Church Road	Birmingham	B1 3CD	GB	345678	21/01/1990
Emily	Williams	56 Station Road	Bristol	BS1 4EF	GB	456789	15/10/1982
Michael	Brown	78 Victoria Avenue	Glasgow	G1 5GH	GB	567890	19/09/1987
Sarah	Davis	90 Kingsway	Edinburgh	EH1 6IJ	GB	678901	08/05/1983
Robert	Jones	10 Oak Street	Liverpool	L1 7KL	GB	789012	30/11/1978
Jessica	Miller	22 Elm Street	Cardiff	CF1 8MN	GB	890123	27/04/1988
Thomas	Rodriguez	14 Market Square	Leeds	LS1 9OP	GB	901234	03/02/1984
Laura	Martinez	36 Bridge Street	Sheffield	S1 0QR	GB	12345	11/08/1992
James	Wilson	58 Park Lane	Leicester	LE1 1ST	GB	111213	05/06/1990
Olivia	Taylor	70 Queen Street	Coventry	CV1 2UV	GB	222324	13/07/1985
Henry	Moore	82 Duke Street	Southampton	SO1 3WX	GB	333435	25/09/1981
Sophie	Clark	94 Princess Avenue	Newcastle	NE1 4YZ	GB	444546	06/03/1993
Oliver	Evans	106 Castle Road	Nottingham	NG1 5AB	GB	555657	19/12/1984
Chloe	Lewis	118 River Street	Cambridge	CB1 6CD	GB	666768	17/11/1991
Ethan	Hall	130 The Crescent	Oxford	OX1 7EF	GB	777879	22/01/1987
Isabella	Allen	142 West Street	Reading	RG1 8GH	GB	888990	10/10/1989
Alexander	Wright	154 East Road	Plymouth	PL1 9IJ	GB	999001	09/09/1988
Mia	Scott	166 South Lane	Brighton	BN1 0KL	GB	101112	28/04/1982
Benjamin	Adams	178 Mill Road	York	YO1 1MN	GB	121314	13/05/1980
Amelia	Green	190 North Street	Exeter	EX1 2OP	GB	131415	02/03/1990
Samuel	King	202 Hillview Road	Aberdeen	AB1 3QR	GB	141516	29/07/1983
Ella	Mitchell	214 Valley Road	Dundee	DD1 4ST	GB	151617	30/01/1984
Jack	Perez	226 Meadow Lane	Inverness	IV1 5UV	GB	161718	06/09/1992
Grace	Collins	238 Spring Road	Stirling	FK1 6WX	GB	171819	11/11/1991
Jacob	Richardson	250 Summer Avenue	Swansea	SA1 7YZ	GB	181920	12/04/1985
Ava	Bell	262 Autumn Street	Bath	BA1 8AB	GB	192021	22/08/1992
Daniel	Turner	274 Winter Road	Durham	DH1 9CD	GB	202122	25/02/1981
Sophia	Morris	286 Forest Lane	Gloucester	GL1 0EF	GB	212223	27/12/1986
Lucas	Stewart	298 Grove Street	Luton	LU1 1GH	GB	222324	03/06/1984
Harper	Hughes	310 Orchard Road	Milton Keynes	MK1 2IJ	GB	232425	19/10/1989
Mason	Foster	322 Lake View	Newport	NP1 3KL	GB	242526	07/02/1985
Lily	Bailey	334 Seaview Road	Portsmouth	PO1 4MN	GB	252627	17/05/1983
Logan	Jenkins	346 Greenfield Lane	Derby	DE1 5OP	GB	262728	21/03/1991
Zoe	Ward	358 Valley View	Ipswich	IP1 6QR	GB	272829	16/09/1990
Ryan	Watson	370 Riverbank Road	Oxford	OX1 7ST	GB	282930	01/01/1992
Ella	Morgan	382 Cliffside Drive	Belfast	BT1 8UV	GB	293031	18/08/1991
Dylan	Carter	394 Ridgeway	Norwich	NR1 9WX	GB	303132	24/11/1984
Ruby	Cooper	406 Horizon Lane	Hull	HU1 0YZ	GB	313233	29/04/1986
Oscar	Rivera	418 Highland Road	Wolverhampton	WV1 1AB	GB	323334	12/12/1992
Hannah	Edwards	430 Meadow View	Preston	PR1 2CD	GB	333435	06/06/1983
Leo	Cook	442 Brook Street	St Albans	AL1 3EF	GB	343536	14/07/1990
Sophie	Howard	454 Orchard Close	Canterbury	CT1 4GH	GB	353637	17/08/1982
Jacob	Long	466 River Street	Chester	CH1 5IJ	GB	363738	22/04/1991
Lily	Evans	478 Hill Road	Sunderland	SR1 6KL	GB	373839	08/03/1989
Joshua	Murphy	490 Crescent Drive	Durham	DH1 7MN	GB	383940	23/05/1987
Ella	Thompson	502 Woodland Road	Lancaster	LA1 8OP	GB	394041	13/11/1988
William	White	514 Garden Street	Peterborough	PE1 9QR	GB	404142	04/04/1981
Isabella	Walker	526 Riverbank	Lincoln	LN1 0ST	GB	414243	15/06/1993